1117  
1     
2     
2     
3     
6     
7     
8     
10    
11    
12    
13    
14    
18    
18    
19    
22    
28    
30    
34    
36    
37    
43    
44    
48    
50    
51    
61    
62    
64    
65    
66    
67    
68    
70    
71    
72    
74    
75    
77    
81    
82    
83    
84    
85    
85    
85    
85    
86    
87    
87    
94    
96    
103   
111   
113   
116   
118   
120   
121   
122   
125   
126   
128   
131   
132   
133   
134   
137   
141   
142   
143   
145   
146   
147   
148   
151   
160   
161   
161   
162   
166   
167   
169   
170   
171   
173   
174   
175   
177   
178   
181   
182   
184   
185   
189   
191   
192   
193   
197   
201   
202   
203   
205   
210   
212   
214   
215   
215   
215   
216   
217   
218   
219   
220   
221   
222   
225   
225   
226   
228   
233   
237   
240   
245   
247   
256   
260   
263   
264   
266   
273   
286   
287   
294   
315   
317   
318   
330   
332   
336   
359   
362   
365   
372   
422   
432   
442   
509   
559   
559   
563   
569   
570   
577   
578   
582   
583   
590   
591   
592   
594   
601   
603   
606   
1004  
1008  
1009  
1010  
1016  
1028  
1031  
1033  
1036  
1056  
1056  
1058  
1059  
1061  
1062  
1062  
1064  
1070  
1073  
1079  
1079  
1087  
1092  
1105  
1113  
1119  
1122  
1123  
1152  
1153  
1154  
1154  
1157  
1158  
1163  
1177  
1181  
1183  
1184  
1185  
1187  
1188  
1191  
1194  
1197  
1199  
1204  
1205  
1212  
1214  
1215  
1219  
1220  
1225  
1227  
1228  
1229  
1233  
1234  
1236  
1237  
1238  
