1     
1     
1     
2     
1     
1     
1     
1     
1     
1     
1     
1     
1     
1     
2     
1     
1     
1     
1     
1     
1     
1     
1     
1     
1     
1     
1     
8     
1     
1     
1     
1     
1     
1     
1     
1     
1     
1     
1     
2     
1     
1     
1     
1     
1     
3     
5     
7     
1     
1     
7     
1     
1     
1     
1     
1     
1     
1     
1     
1     
1     
1     
1     
1     
1     
1     
2     
1     
1     
1     
1     
1     
1     
1     
2     
1     
1     
1     
1     
2     
1     
1     
1     
1     
1     
1     
1     
1     
1     
1     
1     
1     
1     
1     
1     
1     
1     
1     
1     
1     
16    
1     
1     
1     
1     
1     
1     
1     
2     
3     
1     
1     
1     
1     
1     
1     
1     
1     
2     
1     
1     
1     
1     
1     
1     
1     
3     
3     
1     
1     
1     
1     
1     
1     
1     
1     
1     
1     
1     
1     
1     
1     
1     
1     
1     
1     
1     
1     
1     
1     
2     
1     
1     
1     
1     
1     
1     
1     
1     
1     
1     
1     
1     
1     
1     
1     
1     
1     
1     
1     
224   
1     
1     
1     
1     
2     
1     
1     
1     
21    
25    
1     
1     
3     
1     
8     
8     
1     
1     
1     
1     
1     
1     
1     
1     
1     
2     
1     
1     
1     
1     
1     
1     
1     
1     
1     
1     
1     
1     
1     
1     
1     
1     
1     
1     
1     
1     
1     
1     
1     
1     
1     
1     
1     
1     
1     
1     
